200
15
500 750 10
500 750 10
991 219 10
161 447 10
207 142 10
578 516 10
770 403 10
104 133 10
921 516 10
625 981 10
715 716 10
220 284 10
399 620 10
153 573 10
901 125 10
289 567 10
155 404 10
856 692 10
319 398 10
718 29 10
566 444 10
742 399 10
166 154 10
27 124 10
236 449 10
619 466 10
544 858 10
365 148 10
339 127 10
914 864 10
523 567 10
803 308 10
0
1 0
2
3 0
4 1 2
5 0 1 3
6 1 2 4 5
7 0 2 3 6
8 1 2 4 5
9 0 1 3 5 7 8
10 0 1 5 9
11 1 3 5 6 7 8 10
12 2 4 5 9 10
13 1 2 5 7 8 9 11
14 2 9 10 11 12
