200
15
205 620 10
205 620 10
457 958 10
377 436 10
829 637 10
199 393 10
989 308 10
908 533 10
298 73 10
265 720 10
773 807 10
321 451 10
582 81 10
534 938 10
331 148 10
928 684 10
948 175 10
741 865 10
262 427 10
315 120 10
58 359 10
366 296 10
338 38 10
960 471 10
278 116 10
383 81 10
283 776 10
132 375 10
216 2 10
579 903 10
150 930 10
819 385 10
0
1 0
2 0 1
3 1 2
4 1 2 3
5 0 1 2 3 4
6 0 3 4 5
7 0 2 3
8 3 4 5 6
9 0 2 3 4 7 8
10 2 4 6 9
11 0 1 2 3 4 7 8 9 10
12 2 3 7 8 9 10 11
13 0 1 2 3 5 7 8 9 10 11 12
14 0 1 2 3 4 6 7 8 9 10 12 13
