200
30
69 812 10
69 812 10
974 296 10
401 270 10
532 572 10
896 665 10
64 980 10
163 133 10
573 865 10
237 75 10
577 81 10
735 778 10
139 540 10
872 35 10
361 475 10
873 328 10
46 967 10
123 287 10
470 830 10
669 396 10
946 166 10
103 858 10
759 414 10
14 321 10
869 460 10
75 685 10
633 626 10
867 556 10
500 251 10
877 448 10
920 9 10
36 459 10
230 357 10
136 676 10
507 188 10
481 804 10
889 253 10
958 703 10
638 473 10
143 350 10
938 531 10
142 796 10
564 834 10
145 727 10
816 90 10
494 98 10
505 575 10
785 685 10
93 861 10
701 616 10
752 328 10
126 512 10
47 405 10
369 556 10
93 896 10
148 28 10
288 296 10
234 784 10
639 83 10
359 117 10
118 46 10
280 10 10
0
1
2
3
4
5
6
7
8
9
10
11
12
13
14
15
16
17
18
19
20
21
22
23
24
25
26
27
28
29
