200
15
910 491 10
910 491 10
922 696 10
593 424 10
450 132 10
820 270 10
209 213 10
712 933 10
675 630 10
906 460 10
830 898 10
422 617 10
765 543 10
915 302 10
762 171 10
567 802 10
741 946 10
625 38 10
206 456 10
911 211 10
550 274 10
990 194 10
511 922 10
892 817 10
320 784 10
147 695 10
22 694 10
898 602 10
94 877 10
243 942 10
776 293 10
834 461 10
0
1 0
2 0 1
3 0 1 2
4 2
5 0 1 3
6 1 2 3 4
7 0 1 2 5 6
8 0 1 2 4 5 7
9 0 2 5 6 7 8
10 0 1 2 3 4 5 6 8
11 2 3 4 5 9
12 0 1 2 4 5 6 7 9 10 11
13 0 1 2 3 4 5 6 7 9 11 12
14 0 2 3 5 7 9 11 13
